90221
92248
90009
98844
98345
90250
92191
98568
93022
92086
93442
92092
93301
95407
95472
91041
94023
90089
93201
94146
92061
94596
94611
92676
99036
98396
95372
90302
95548
92352
94169
90060
98326
92555
94111
96122
99327
95981
93953
93015
95076
98056
90809
95661
98505
94309
92394
91206
98071
98445
92885
95701
92413
93001
94284
98033
95161
91990
95106
90024
98544
95038
98667
90603
98374
98421
98164
98107
93421
94942
98612
94564
92584
98528
93784
98122
94973
91106
93641
93925
99104
92260
91799
94501
96046
94624
91749
96151
94952
95019
99202
91367
92801
93542
95305
99159
98006
98222
92373
95514
93912
94931
91914
95927
95569
95453
95986
95330
96027
98405
98287
91003
94305
90408
95947
92341
94158
91327
95381
95119
99121
93711
95148
90713
94519
91020
96065
92184
93793
94123
95948
94237
92655
98203
95418
93215
93105
94508
92114
98213
95138
93944
98858
95972
95922
92131
92074
92688
95419
95219
93225
93453
98921
99214
93651
94529
96092
99403
95735
98412
92281
94135
91933
95124
98261
95063
98384
90806
98557
95689
93247
94014
93408
94407
95819
92548
94096
92860
99147
91109
92590
94207
90077
93032
98082
95637
98621
94061
92838
95461
96111
91902
91802
92235
95502
98516
94666
99124
98294
98686
95623
95172
98249
90650
93060
95442
98111
94708
91319
93592
93066
94608
93630
95391
98828
95008
92612
91616
91980
98154
99022
94211
94612
95208
93554
93385
91114
98602
94963
92706
94112
93702
93774
92174
94249
96034
92809
98640
98315
91030
98275
95352
95980
90301
92412
95135
90008
93237
98250
95205
92190
98070
99328
95444
94573
90061
92624
95060
94610
90025
92654
95626
95473
98397
93765
93204
99349
90899
96121
95726
91105
95196
93543
93666
94820
98373
94597
99205
94085
98622
94912
95494
92028
94553
92871
91201
94941
98057
92531
90088
94145
96010
99156
90220
98611
95075
98444
94024
91618
92725
98569
94951
98223
92583
90407
95304
95427
98504
94306
92661
93740
99020
94060
94124
94974
94285
95928
93285
94563
98668
99122
98533
92554
99181
92677
98007
99103
90714
98106
95568
91841
95987
95452
91504
98836
90275
98404
94136
94623
96091
95380
98344
93030
95549
95018
98286
93926
91915
92060
94502
90251
94518
92342
93950
92332
91364
98857
92866
91191
92698
99135
94133
90601
91503
93004
98314
94157
91031
95636
98262
93614
92158
93701
95318
98920
98556
90807
93312
94013
95125
93452
95481
92707
95836
99148
90099
93551
98029
92113
91612
92384
90076
94509
90702
94922
95534
98083
98032
93720
93040
99213
92282
91943
93033
91006
98045
98601
92401
98411
92647
94208
93943
91117
95757
95050
98383
95511
91350
95992
98843
93382
95603
91903
95439
92564
92175
98110
98829
95039
98295
98327
91767
93063
91768
90604
93611
92009
98274
99025
96011
95005
92359
99123
92424
95503
92236
94609
96158
94273
92056
99338
93020
91615
93014
93220
92142
98155
92393
93263
92270
93531
95464
95939
93777
92039
94045
98248
98335
93652
96112
94964
96035
92126
93116
95136
93661
98376
95625
92090
92088
95351
92169
96148
90022
94551
90895
92309
95443
94572
98566
99348
98205
91932
94705
90278
91776
98604
90715
92004
98497
92225
93602
98466
92519
91905
92678
92067
94071
95374
99329
98073
92870
95297
98904
96025
95824
91505
95631
94604
92164
95466
98623
90304
93140
95610
91797
94913
92337
95036
94709
92102
98542
99157
98665
93287
99034
98175
99204
92662
95065
95763
94850
96128
91916
94503
94286
92536
95405
95017
95712
98507
93786
95673
93601
92553
95814
95117
96044
95428
96001
90510
93272
95525
98008
98407
96067
98124
95932
98343
90707
91410
93605
98027
92415
93003
98224
93764
92254
92186
94971
94562
94035
92865
98443
92220
94549
92701
95827
98613
94235
99011
93303
98359
93450
93522
94954
95717
98001
98856
94121
94012
92159
93552
96113
98165
91214
92116
93772
94159
90079
96090
92592
91360
95721
93529
95486
98837
93245
93755
90096
98028
94038
95361
98031
92055
91470
99216
94923
94021
95970
93721
94307
98555
98288
92259
95835
96137
98923
93006
92233
92683
91611
90605
95924
99401
95550
93275
98438
92283
93613
92402
93106
94209
95122
98386
95758
96162
94274
92692
93675
92358
92711
98184
95170
95417
93928
95746
94247
91784
92649
90240
94552
91116
98422
94539
92546
98296
99201
93530
91406
92886
95938
91804
90847
95975
95436
93616
98336
94614
96032
90638
93387
95463
98277
98042
92091
93203
95408
93311
92877
90652
99001
95493
98328
93234
92321
91182
93440
95229
90018
96055
98247
95051
98113
93465
98398
95108
92193
91739
98541
94110
90039
93603
99130
91601
91506
95630
90303
95133
92414
92679
92308
93710
94933
93302
91042
98442
95492
98072
99347
95207
93541
95315
99258
98225
98498
95662
92663
95524
99207
95037
91706
94571
99105
95611
91750
99228
93118
98467
92585
98666
92066
98055
94070
92140
95825
90716
94022
92163
95589
90023
94259
93258
92395
98375
95747
98535
98108
96152
98174
94579
92347
91771
94280
92101
98953
92153
94972
95164
98125
94236
92310
93664
92253
98009
90808
94308
94875
91311
91203
94287
90277
99012
90409
92817
94953
96127
98439
90606
98855
95425
93216
98506
92864
91729
95041
91917
98819
98204
93150
90050
92501
98614
98406
91436
98342
94625
99033
92130
90680
95062
98358
92702
95949
92591
93451
93650
93384
91617
98579
95620
98385
92030
92403
93031
96087
95454
94561
93277
98922
98068
95567
94011
94924
93775
90097
95720
92561
95360
92115
94037
90051
90174
98185
90078
95672
91108
93927
93107
98413
99023
99146
95354
95194
93591
90239
95713
95173
91118
92054
98554
94134
92320
91023
98948
90704
95123
92816
98260
98030
94122
99215
95150
98112
90062
95109
95762
95944
98841
94248
98536
93261
90848
96097
92712
91407
92234
92357
93274
98624
98109
92691
92292
95536
95052
94598
93065
98687
95416
98297
99371
93631
92586
91603
92887
96054
95316
93206
93314
91361
98603
96013
93016
90241
99154
93235
98276
98043
99171
99133
91948
96033
98329
94147
93628
95073
92192
94083
95437
95007
98337
93722
94613
96080
92003
91175
95301
92223
93389
90266
95015
92065
94558
98683
98064
90059
94088
93268
92672
98026
92201
98160
92324
98139
92505
95457
93426
91202
94065
98464
92502
98041
95314
96057
90043
96076
95826
92685
93518
92346
90717
92022
98663
95934
98540
95633
91107
94130
95227
98283
95343
92366
91715
95376
99210
91786
99144
91396
98126
95134
91340
94957
99356
94591
95348
91740
92145
95965
90312
96096
94999
95914
98226
92313
92119
98357
94263
96023
95665
95487
98003
98587
92152
91724
95955
98380
91371
93620
92605
95115
99008
92252
93933
91502
95650
92562
90397
90607
91723
96003
96146
92517
95204
91602
91310
98952
94153
90842
98564
95832
95382
91795
99301
93667
98802
92859
95468
92314
91024
95691
94701
96115
95837
92406
93940
92335
99155
95004
95120
98207
99170
91184
95067
98053
90031
91412
91102
94408
98599
90073
95640
98925
96014
93011
92120
92243
91007
94914
93405
98947
95311
92356
90094
93278
95363
93436
95353
95714
98674
91384
99337
91408
95406
92104
96022
95860
99324
95671
98338
98368
93596
96135
94165
98340
95215
99343
95102
98115
94589
92626
93610
92694
93044
90502
98455
98271
92129
95476
94592
91395
98840
98576
91732
98370
98416
91947
98951
96041
90212
92170
95053
98424
95943
92082
94580
93036
92070
94042
94177
98245
98606
91762
94142
93505
90028
93778
92110
92405
98537
93457
98625
91497
92162
92617
95329
94979
92264
93729
94568
92822
98392
95973
99032
92323
93221
98290
94617
92135
93265
95313
90267
92202
98664
92064
94506
91354
96031
93210
91708
92549
98853
93023
95456
90001
92518
94064
93921
93516
93546
93388
98025
93954
95660
94010
90665
94627
95043
98040
95373
98605
92563
92503
94557
90810
98244
90042
95935
98127
92365
94806
98565
91021
98492
90313
96133
94925
95887
96086
92345
94166
93709
98063
90084
94031
94154
94089
92336
98356
93932
90398
95023
90608
92658
94262
99143
93446
90224
95342
98282
93430
92606
95465
90706
98616
98227
98508
99302
98161
93621
90201
92684
93227
95121
91911
91792
95485
98002
92312
92833
99185
96154
93276
91372
95651
98465
96095
95014
98586
93423
92251
93642
93888
98339
94020
96061
98946
95690
92863
96015
90272
98054
98270
92378
93558
96068
95953
93224
92516
95816
98129
95722
95923
93010
98682
95026
94530
91187
91411
91496
91910
94141
94409
95426
90213
95303
98675
93443
92171
90095
95841
92103
93437
95813
95118
92593
95715
93279
92693
99173
95946
99256
95553
91101
99118
90030
91040
92637
91409
96021
95064
92881
95670
90501
95054
92021
95035
98415
98393
98509
94120
99152
92840
93456
91510
92161
92673
90072
99031
96116
92570
92263
95103
95632
91121
92648
98151
96134
95356
98206
98020
93043
94947
98626
98114
91390
98552
94915
95201
91778
98577
90029
91785
93266
99131
94567
93067
98538
94041
94615
93101
94250
91801
93656
95152
93407
96040
94540
92821
95328
93555
93420
91733
93386
95799
95976
95435
92040
92322
95131
98291
96056
99323
98685
94805
95236
94520
90041
93955
95412
92811
96101
98852
95959
95206
92623
93024
93455
96124
98024
94044
91912
99040
90223
95684
91899
98589
92168
95042
90026
95820
95703
95852
92504
98198
98243
94063
94955
98493
98228
94282
95945
92084
98930
90410
96078
95213
93544
99150
92143
94926
94239
95554
92068
90609
94132
95001
92033
93622
95345
91793
99212
92582
98661
99344
99102
98382
93643
92133
95024
95621
93665
94510
91208
95346
96094
90087
94975
92182
92150
94155
98562
93249
94556
95842
95571
91330
95113
92557
95984
94261
99021
93102
95141
99165
99299
93424
95950
98181
93223
91381
98259
93111
91043
94156
95383
92389
91365
96051
95963
90840
95831
98617
95225
92735
99260
94098
92112
98672
92857
91351
96062
93942
91221
96016
98050
92659
94619
95327
95432
96085
95423
98138
95404
94945
91001
98418
94720
93013
94966
93444
98051
91209
98273
95355
92610
98355
92856
91614
98230
92882
92241
92364
91755
95979
98021
95521
93433
95364
92423
95055
99354
90503
92408
91714
99345
91788
95894
94937
95663
92106
93034
95013
93042
92325
99153
95920
96150
92603
92008
91321
98366
98372
92262
90310
94086
92628
98394
93612
90210
95132
91775
95542
95378
90075
90402
93776
91730
92258
94144
93238
91186
95251
95497
99030
94643
98292
93062
98303
94310
95683
95677
93475
95006
95903
94965
93434
92571
98171
90296
94566
95032
95151
92674
93556
96117
98539
94167
95459
92704
93653
93915
91403
92167
95337
90040
90222
95237
98684
91743
95458
95961
96123
95821
94109
93441
93002
96050
93747
94168
92111
95421
91501
98851
98148
94976
95358
95940
91333
94229
92222
93422
93545
95532
98199
90086
94283
94710
92869
94956
93454
93267
98588
99203
94927
94131
95077
95853
98065
95666
93202
93021
98662
91798
98284
95045
99211
92627
95415
94804
92418
98117
95203
91380
95116
98010
95066
98639
93924
96160
90093
95056
95242
98477
93483
98231
95488
94555
95212
98354
95140
92118
95815
99326
98004
99224
96145
92539
99101
99141
94062
95344
92780
95021
92069
95326
93668
93640
95962
96028
98563
95385
93623
91702
90640
93103
92846
94099
91913
92581
95403
95449
93035
91046
95424
94618
92781
95003
95433
95609
92334
93435
90274
93406
95834
95312
93212
95951
92660
93226
96063
98575
94946
99346
92407
98208
98801
99402
95467
98052
96110
92257
98550
98673
98926
92391
98944
95551
94074
92211
93432
95365
95543
98116
91610
98293
91754
90074
92242
98381
98862
92105
98229
98520
93012
98371
92134
94143
98367
95012
98950
91392
99336
90211
98651
94565
93779
92083
99357
90401
94595
98272
92363
91701
98395
91901
92705
91322
98170
95228
98022
93654
90311
95676
92883
95375
94087
94271
95154
99166
91761
93553
92023
93409
93923
94043
98628
95250
92675
91731
98649
93190
90027
96084
92007
93061
90651
96017
95033
93239
93041
95974
96079
98607
94928
92329
95338
96007
92307
91765
95357
95960
95765
93920
98241
95644
91962
90055
92868
92247
95101
92124
92014
92057
91353
98629
92530
98811
95044
95422
92867
90742
99004
95675
95253
98460
91383
95130
94522
98932
95901
94279
91744
95531
93708
95969
95918
90004
94108
94949
99129
91979
95669
90801
94543
94533
95606
93717
98907
96103
99363
90747
94585
93291
93447
98638
95469
98136
92139
96141
92268
92599
90034
93242
98583
93513
93429
99163
95241
98011
98257
99333
95519
95692
92625
95325
99140
95389
95111
95833
92318
95402
95030
94704
92108
95798
99352
90262
96119
95366
92199
92027
95840
92782
98648
92690
90505
95347
94267
98619
91608
91124
95234
98353
94512
95956
91399
96142
95977
98232
95595
91791
91066
91344
99117
91188
95191
92646
98943
95011
95913
95540
92166
95560
99251
90822
99174
94298
90294
95681
95616
99320
95552
98118
98650
93121
99017
98364
98023
94939
94574
98146
95211
93501
96064
92227
94649
92058
90012
95430
94253
90233
98572
90633
91017
90659
90731
92277
99151
92843
93252
95654
98595
95822
90067
92256
92328
95153
95919
90046
94161
96129
92123
93581
92369
92267
95335
98305
99220
98933
93427
90232
95823
90280
91963
98609
94948
98240
94278
91309
91306
99341
95223
90056
91331
90411
94586
93517
98561
93535
96008
94107
98570
90723
94544
90005
90661
95617
91789
98660
90091
92085
95002
98582
92802
95851
92165
95942
92149
90814
94534
91320
91358
90622
93512
98233
91382
94712
98637
95664
98860
96104
98929
92132
95674
90743
94511
94150
93526
95968
92155
95142
91210
93901
92339
91741
92374
95367
98012
98258
99164
96047
95324
91077
93716
91722
91978
92509
90033
94929
98908
96052
96073
95693
93608
93669
95010
92609
91125
99114
91025
90504
90263
91405
95776
92427
94703
93009
94059
95226
90045
91609
90189
95388
98807
91224
92107
94243
90247
93649
95912
98304
95431
96143
98194
95114
96161
95864
95310
92710
98821
92814
93230
98647
94938
95957
95930
90853
98352
96099
90835
95401
93120
96019
92522
95641
98450
94119
93902
90632
99018
91343
95210
94297
92878
90832
92879
90813
90202
94521
94162
91305
90295
91009
92240
93504
98145
90013
98119
95410
93646
90403
92278
95156
98365
91752
98522
95252
98850
91402
95741
91526
92198
92075
90755
95655
94254
93534
92255
93705
96130
99252
91482
95709
98560
95031
95377
94583
92513
92844
91016
90068
93728
95941
92899
98390
95020
92368
94106
98934
94277
92059
90630
98585
98281
90010
95255
99161
93428
93523
94541
92266
94290
91763
95224
99006
92137
98362
92338
90745
90231
94129
95046
98062
92803
91394
98101
90057
95652
94252
90002
93282
94524
98671
95988
96009
95397
98813
98511
92350
91131
92375
92316
95546
91385
92653
93240
99335
94514
98255
98942
95967
95667
94188
92832
92025
98320
98134
95867
91951
91325
96089
91355
92340
95607
94067
90083
90740
95694
95929
93549
92311
94151
92154
93515
94702
94030
95420
95838
98013
96074
99361
90264
93445
92728
92815
92176
98822
95232
91011
93403
98195
95240
98038
90080
98351
99350
98597
98430
95448
92038
92615
95954
90292
99119
95387
95642
91316
96120
90248
92709
95687
94601
98941
91225
94590
95368
92629
94118
93292
93438
96105
91342
94163
90306
99138
91337
94140
94230
98144
94587
91942
95155
98267
99176
95639
93309
99322
98670
93250
94401
95558
99019
95202
94977
93093
92020
90631
98408
92013
95323
92514
94175
92841
93922
94040
90069
93727
90071
92385
91734
92326
94582
91766
94531
90831
90044
92614
95336
90710
94029
92093
91921
94105
98061
94005
90265
95379
95653
92284
98935
96002
91308
90003
95221
92049
94904
93519
94559
92804
93790
95158
94523
92187
94542
93599
91341
98133
98849
98645
98812
95254
98280
98363
95587
93524
91393
93647
91748
99179
91896
90230
92831
93718
94152
92317
98830
94066
95608
93448
99009
92604
90058
98256
90620
93110
92138
96140
96024
98512
98635
96088
99332
95547
95966
93290
95605
91326
99167
93514
92026
98321
90082
91222
98584
92147
94513
94240
94998
94659
95830
91495
95628
99362
94019
95695
91110
98014
93644
95843
98235
95570
91931
95445
95812
93930
90506
99110
90270
96106
98823
91377
91352
95333
90081
99116
99111
96075
91123
95386
95899
96114
94117
90249
92177
95246
95910
90011
95112
95267
93645
91185
90833
92552
98571
95638
94199
92037
94803
92376
95233
91010
98039
99353
93460
95369
93402
92708
94299
94602
94164
92327
93657
92226
99321
93251
90070
95978
94581
94978
92652
93308
93458
95322
91747
94402
99223
98596
90032
95682
92616
92842
98350
93280
95857
94291
91404
94588
94807
93222
92386
92515
96136
93707
90293
98431
98524
91941
94569
90305
90732
95555
91334
92301
99206
98590
98902
92096
95222
92805
94027
93704
95129
92834
91307
91423
98349
98644
93117
94258
93219
90038
95728
93639
94547
98936
98360
98037
94403
90815
93257
98513
98132
98378
95309
95527
92304
94104
95686
90309
95320
93604
91711
98848
93305
99125
92285
98815
94516
95565
95257
93741
95648
99013
94578
91770
98322
95829
92835
93584
98548
91357
91976
93463
94620
94288
95612
98075
94903
95627
90242
99218
91387
90404
92273
93270
94245
90660
98253
94116
99136
98499
93771
93232
98831
96126
92239
94560
93246
98236
90623
92506
93607
99359
90102
94662
99113
91507
92404
93615
93844
95446
90020
96155
95658
91329
95619
91604
95319
95334
98330
94139
95926
98402
95245
93550
92078
93673
90405
92036
94808
94802
98388
95518
95340
96069
93780
98824
91335
93670
93108
98502
90802
95865
90290
95602
92178
92544
94537
90610
95679
92850
93905
91401
90007
90063
94203
94599
99026
94603
91522
90509
92651
90845
90254
92377
96038
91302
90308
93260
95230
92231
95564
92398
94570
94294
93563
99003
94301
98940
93703
93744
92019
95556
94127
90670
96107
92136
92195
95157
93205
98311
93618
90701
98177
90016
98279
92587
92210
93313
98103
92551
91362
98158
91769
93381
93532
92618
94526
93626
90037
94170
98323
99107
91012
92806
95915
98092
91745
95585
91906
96125
94257
93256
98591
98643
91764
95613
98348
94548
98361
99209
98903
95009
94232
93262
93761
95321
93634
93304
99039
98377
96039
91746
92286
91710
92244
95526
98036
94103
95685
98131
98814
93662
98074
91773
92880
92024
90507
94577
93792
94003
91737
99139
99360
92315
95697
91508
98237
90052
99014
98937
93390
98547
94515
93637
93005
95409
91386
91205
91950
94970
90019
93712
93199
93218
95645
98832
95545
95668
99169
95296
91324
94661
99160
95128
98190
94017
90748
98015
95629
92620
94018
91605
90671
98530
95269
90639
93528
98166
95192
94115
92079
98433
91756
94269
95680
91313
95688
92545
93109
98501
94404
95139
98401
90021
95659
94289
90049
98387
92274
95460
92397
98331
91946
99029
95171
93750
95573
95538
92602
98141
93208
95490
95071
99217
91129
90103
95341
95248
94801
93243
92117
90508
94039
90291
90803
92703
90888
90255
90185
90064
93906
98310
94204
92232
95231
94246
92071
94080
92194
91521
90307
98409
95110
93962
98266
94293
98102
94302
95678
90017
91363
93773
94128
96108
98278
94960
94028
93562
90846
92052
92650
92081
93410
94550
93724
98847
94538
94525
98471
95209
93094
91301
98324
98642
92046
98251
98846
98592
98093
95983
91346
92411
95307
98481
94125
95451
91304
93633
93510
92532
94256
92807
92127
98201
91987
91104
92029
96132
96109
94025
90662
91772
96059
98817
90721
95061
95220
93255
93449
98546
90624
95470
95698
98035
92371
94171
92179
98058
93307
98610
90749
93536
91709
95916
98238
90006
95614
92508
93527
94535
96020
90406
95604
91945
92333
99127
98526
94622
93461
98188
94950
91607
92521
99180
90834
93609
92657
90744
94102
90621
98938
92354
92799
98909
90053
96029
96048
99134
93714
95635
98503
98220
93286
92837
98833
91126
98447
93715
91359
91977
90036
96070
91204
91759
95646
95127
94016
91207
92697
94576
93791
91312
94002
90804
98263
92122
91606
95193
98593
95537
94405
99149
95958
92845
92197
94137
92172
99330
99115
92275
94660
92051
98632
95317
91499
90734
93207
91376
94244
91908
98531
96157
95482
90048
95070
94621
94114
94528
99015
95991
95370
90260
92862
98332
98859
94205
92567
94268
94303
99126
94101
92250
98581
95742
92160
94545
90733
91935
92392
95247
90014
93590
98019
93412
93244
99208
93383
94901
98559
90703
95817
98826
92589
98046
93586
94940
93283
93760
94497
91780
95562
95656
95159
93561
90065
94234
93064
94605
94606
92072
92825
98077
93907
93624
90612
98105
93706
93627
94296
99158
96006
94026
98641
93306
98346
94517
99037
95249
98325
90035
98901
95471
98252
94172
92808
94090
91426
93606
92372
92128
98845
93241
92305
98034
98816
95699
93539
95982
96071
95480
95160
95828
93099
92230
95429
95306
98239
92812
91716
99016
91226
92203
94706
95528
92109
95917
94546
99137
93160
99109
96058
95350
93401
99005
95624
95501
92410
91345
91356
98939
93271
95258
98527
93635
92382
98121
95724
95925
91103
96049
94930
92556
93794
91735
95615
95634
98446
90054
99128
91790
98005
92280
94015
95993
90746
90245
96093
91388
90720
98221
95450
95126
92836
93638
93464
98089
91758
92596
90712
92607
92656
98059
92507
96118
98191
94138
95971
92173
91416
98312
98580
94304
92276
90101
94536
90047
95618
94406
95743
95866
90261
98168
90066
96156
98532
99027
93960
98834
98264
98631
95759
94206
91909
95601
92823
92543
95696
99219
98827
92018
92861
90805
94527
93007
91934
92261
95462
95818
91944
91328
93648
91413
94920
92121
93660
94707
90844
93560
91115
93380
93726
98620
93745
95937
90637
90015
91189
93254
98333
96037
98178
95559
92399
98558
95563
98104
90602
92630
94607
90209
93502
98047
93725
95736
93619
90711
93908
95190
95441
92572
92196
95936
94126
94160
92619
98403
91803
92595
93130
92249
94507
94295
91303
94575
91523
93625
95137